Log Start: 2016.04.14-11.10.19undefined
LP4#171a 12/13/15
>ID

********* V4 Loop Board (4 Loop Channels) *********

Version: 1.71a
Release: 12/13/15
Design : Rebecca Taylor
         Diamond Edge Techonolgy, LLC

>MS
Scanning Rate = 1000
Loop #1: 323
Loop #2: 323
Loop #3: 10999
Loop #4: 137

Relative Signatures:

Loop #3 (Samples=144, Tune=23389):
  +16   +2   +1   -2   +1   -1   -2   +3   -4   -4   -3   +3   -3   -3   +4
   -3   -2   +0   +1   +0   +0   +2   -1   +1   +1   -3   +1   +3   +3   -3
   +3   +2   -3   +4   +2   +3   -2   +2   +1   -1   +0   -2   -3   +2   -1
   -4   -3   +3   -3   -3   +5   -2   -1   -2   +2   -2   +0   -1   -1   +0
   -1   +0   +2   -1   +2   +3   -4   +4   +4   +3   -3   +3   +2   -3   +1
   +1   -2   +2   +1   -1   +0   +0   +2   +0   -1   +2   -2   -2   +3   -2
   -3   -5   +3   -4   -2   +3   -3   -2   +2   -2   +0   +3   -1   +0   +0
   -1   +1   -2   +1   +1   +3   -4   +3   +3   +2   -1   +4   +3   -3   +3
   +0   +1   +0   +0   -2   -1   +0   -2   -2   +3   -2   -4   -2   +4   -3
   -1   +2   -2   -2   +0   -1   -2   +0   +0

Loop #3 (Samples=428, Tune=23389):
  +16   +1   -2   -2   +3   -2   -1   -4   +4   -3   -2   +2   -4   -2   -2
   +1   -1   +0   +1   -1   +1   +4   -2   +2   +3  -12  +12   +3   +2   -4
   +3   +2   +0   -1   +1   +0   -1   +2   +0   +0   +1   -2   -2   -3   +3
   -4   -4   +3   -3   -2   -1   +1   -1   -1   +2   +0   +0   +3   -1   +1
   +2   +2   -3   +1   +3   -3   +3   +2   +3   -3   +3   +1   +0   +1   +0
   -1   +1   -2   -3   +1   -2   -3   -3   +3   -2   -4   -1   +3   -1   +0
   +0   -1   +0   +2   -2   +0   +2   -3   +3   +2   +3   -3   +3   +3   -2
   +3   +2   +1   +1   +0   +0   -2   -1   +0   -3   +3   -2   -2   -4   +4
   -3   -2   +5   -4   -1   -1   +0   -2   -1   +0   +0   +0   +4   -4   +1
   +3   +3   -1   +3   +3   -4   +3   +3   +1   -2   +1   +0   -1   +0   +0
   -2   +3   -2   -2   -2   +4   -3   -3   +4   -4   -3   -2   +1   -3   +0
   +2   -2   +1   +2   -2   +2   +4   +2   -2   +2   +3   -3   +2   +1   +2
   -1   +1   +1   -2   +2   -1   +0   +3   +0   -4   -2   +3   -3   -4   +3
   -4   -2   -2   +1   -2   -1   +1   +1   +0   +2   -2   +1   +3   -3   +3
   +1   +2   -4   +4   +2   +2   -1   +1   +2   -2   +3   +1   -1   +1   +0
   -2   +0   -2   -3   -3   +3   -3   -3   -2   +3   -3   +0   +2   -1   -1
   +1   -1   +1   +1   -3   +2   +1   +4   -5   +4   +3   -3   +4   +3   +3
   -2   +1   +0   +0   +0   -1   -1   +0   -1   -2   -2   +2   -3   -2   +5
   -3   -3   -1   +1   -1   -1   +0   -2   -1   +1   -1   +1   +1   +4   -3
   +4   +3   -3   +3   +3   +3   -3   +2   +0   -2   +1   +0   -1   +2   +0
   -3   -2   +4   -2   -3   +3   -2   -3   -2   +0   -3   -2   +2   -2   +0
   +2   -3   +2   +2   -1   +3   +2   +3   -3   +2   +3   +2   -4   +3   +2
   -3   +2   +1   +0   +0   +2   -2   +2   -2   -1   -4   +4   -4   -3   -3
   +2   -4   -1   +3   -2   -1   +0   +1   +0   +2   +2   -2   +2   +2   -5
   +2   +3   +4   -4   +3   +3   -3   +3   +2   +1   +0   +0   +0   +0   -1
   -3   -3   +3   -3   -3   -2   +1   -2   -3   +5   -2   -1   +0   -1   +1
   +0   -1   +0   +0   +3   -3   +3   +2   +4   -4   +4   +3   -1   +2   +1
   +1   +0   +0   -1   -1   +0   -3   -2   +3   -2   -2   +2   -2   -2   -2
   +3   -3   -1   +1   -2   -3   +0   +0

Loop #3 (Samples=133, Tune=23389):
  +16   +1   -2   -2   +3   -1   -2   +3   -2   -4   -2   +3   -3   -3   +1
   -3   -1   +0   +1   -1   +1   +0   +1   +2   +3   -2   +2   +3   +4   -5
   +2   +1   -2   +3   +1   +1   -1   +0   +1   +2   -1   -1   -2   +2   -2
   -3   +1   -3   -3   -3   +3   -3   -2   +0   +1   +0   +1   +1   +0   +1
   +2   -2   +1   +2   -3   +3   +2   +2   -2   +3   +2   -1   +2   +2   +0
   +0   +0   -1   -2   +0   -2   -4   +4   -3   -3   -2   +3   -3   -1   +3
   -2   -1   -1   +1   -1   +0   -2   +0   +4   +0   -1   +2   +3   +3   -3
   +5   +3   -3   +2   +3   -1   -1   -1   -1   +1   -1   -1   -2   +2   -3
   -1   -3   +4   -3   -2   +2   -3   -1   -2   +1   -2   +0   +0

Loop #3 (Samples=20, Tune=23389):
  +17   +0   -1   -2   +2   -1   -3   +4   -2   -4   -2   +1   -4   -2   +2
   +0   -2   -1   +0   +0

Loop #3 (Samples=244, Tune=23389):
  +18   +0   -1   +2   -2   -3   +3   -3   -4   -4   +4   -4   -2   +3   -2
   -2   +0   +1   +1   +0   +1   -1   +1   +3   -5   +2   +3   +2   -2   +3
   +3   -4   +4   +2   +2   +0   +0   +1   -1   +0   -3   -2   +2   -2   -2
   +1   -2   -3   -3   +4   -2   -1   -1   +1   -2   +0   +1   -1   +0   +1
   -3   +2   +3   +4   -4   +4   +4   -3   +4   +1   +2   -1   +1   -1   -2
   +1   -1   -2   +2   -2   -2   +3   -3   -1   -3   +4   -3   -2   -2   +1
   -3   -1   +1   +0   +0   +2   -2   +1   +3   -2   +3   +3   +3   -3   +3
   +3   +1   -3   +1   +0   -1   +1   +1   -2   +1   +0   -1   +2   -1   -3
   -3   +3   -3   -4   +2   -2   -3   -1   +1   -1   +0   +2   +0   +1   +3
   -3   +2   +4   +2   -4   +2   +2   -3   +2   +4   +0   -1   +2   +1   -1
   +2   +0   -3   +3   -3   -2   -4   +2   -3   -3   +4   -3   -3   -2   +2
   -1   +2   +0   +0   +0   +2   -2   +1   +1   -3   +2   +3   +3   -4   +3
   +3   +2   +1   +1   +1   -1   +1   -1   -2   +1   -1   -3   +2   -2   -2
   -4   +3   -2   -2   +4   -2   -3   +0   +1   -1   -1   -2   +0   +1   +2
   -2   +2   +3   +3   -3   +4   +3   -2   +3   +2   +1   -2   +1   -2   +1
   +0   -1   -1   +1   -2   -3   -1   +4   -3   -2   +2   -3   -2   -2   +1
   -2   -1   +0   +0

Loop #3 (Samples=317, Tune=23389):
  +16   +1   -1   +2   -2   -1   -3   +3   -2   -4   +3   -5   -3   -1   +2
   -2   +0   -1   +0   +1   +2   +0   +1   +2   +3   -3   +3   +1   -3   +2
   +3   +2   -2   +1   +2   +0   +1   +1   -1   +1   -2   -2   -1   +2   -5
   -3   +3   -3   -3   -3   +4   -3   +1   +0   +0   +0   +1   +0   +0   +2
   +2   -4   +2   +3   -3   +3   +3   +3   -4   +4   +2   +0   +0   +2   -1
   -1   -1   -3   -2   +3   -2   -4   +3   -4   -2   -1   +3   -1   -2   +1
   -1   +0   -1   -1   -1   +2   +3   -3   +2   +3   -3   +3   +4   +3   -2
   +2   +2   -2   +2   +0   -1   -1   +0   -1   -3   +3   -3   -2   +4   -2
   -3   -2   +3   -2   -3   +2   -3   -2   +1   -1   -1   +2   +2   -1   +1
   +4   -2   +3   +3   +3   -3   +3   +1   -3   +2   +0   +1   +0   -1   +0
   +0   +0   -1   -1   +3   -3   -3   -4   -2   -2   +1   -3   -1   +1   -1   +1   +1   -1   +1   +3   +3   -2
   +3   +3   +2   -2   +2   +1   -3   +2   +0   +0   +1   +0   -2   +2   -2
   -1   -2   +4   -3   -3   -3   +3   -5   -2   +2   -2   +0   -1   +0   +0

Loop #3 (Samples=391, Tune=23389):
  +18   +0   +0   -1   +0   -3   +3   -3   -4   -4   +2   -3   -1   +3   -3
   -1   +0   +1   +0   +1   +1   -1   +3   +1   +4   -6   +2   +3   -3   +4
   +2   -3   +2   +3   +1   +1   +0   +1   -1   -1   -1   -4   +3   -3   -3
   +3   -3   -3   -3   +5   -3   +0   -2   +2   -1   +0   +0   -1   +0   +2
   -2   +1   +3   -2   +2   +4   +3   -2   +2   +3   +0   +1   +0   +0   -2
   +0   -1   -3   +4   -2   -4   +3   -2   -3   -1   +3   -2   -2   -1   +1
   -3   -2   +1   -1   +1   +2   -2   +1   +3   -2   +4   +4   +3   -5   +3
   +3   -3   +2   +1   -1   +0   +0   +1   -3   +2   -1   -1   +3   -2   -3
   -2   +3   -3   -3   +1   -4   -1   -1   +1   -1   +0   +1   +0   +2   +3
   -2   +2   +4   +2   -4   +1   +2   -3   +3   +3   +1   -2   +1   +0   +1
   +1   +0   -2   +2   -2   -3   -3   +2   -4   -2   +3   -4   -2   -1   +2
   -1   +1   +1   +0   +1   +1   -2   +1   +2   +2   -3   +2   +3   -3   +3
   +3   +1   +0   +2   +1   +0   +0   +0   -2   +0   -2   -3   -3   +4   -3
   -4   +4   -3   -2   -1   +3   -2   -1   +2   -2   +1   -1   -1   +1   +2
   -3   +3   +3   +2   -2   +3   +4   +2   -2   +3   +1   -2   +0   -1   -2
   +2   -1   -2   +1   -1   -3   -3   +5   -3   -1   -3   +1   -1   -2   +0
   -2   +0   +2   -2   +1   +2   -1   +1   +4   +4   -3   +2   +4   -3   +3
   +1   +0   -2   +1   +1   -2   +2   -1   -2   +3   -2   -1   -3   +4   -3
   -3   +2   -5   -2   -2   +3   -2   +0   +0   -1   +0   +3   +0   +2   +3
   +2   -3   +2   +3   -5   +3   +2   +2   -2   +1   +1   +0   +2   +0   +0
   +1   -1   -3   -3   +3   -4   -4   +3   -2   -4   -2   +3   -2   +1   +0
   +0   +1   +1   -1   +1   +3   +1   -4   +2   +3   -3   +3   +3   +2   -3
   +3   +2   +0   +1   +0   -1   +1   -1   -4   +2   -2   -2   -4   +3   -4
   -2   -2   +3   +0   +0   +0   -2   +0   +1   -2   +1   +2   -3   +2   +2
   +3   -3   +3   +4   +3   -2   +2   +2   -2   +2   -1   -1   -1   -1   -1
   +2   -2   -2   -3   +3   -2   -2   +4   -3   -2   -2   +2   -3   -2   +0
   +0

Loop #3 (Samples=611, Tune=23389):
  +17   +0   -2   +1   -1   -1   -3   +4   -3   -2   +2   -2   -4   -3   +2
   -1   -2   +1   -1   +0   +1   +0   +2   +3   +2   -2   +2   +4   -4   +2
   +2   +1   -1   +1   +2   -1   +1   +0   -1   +3   -2   -1   -2   +3   -3
   -4   +2   -4   -3   -1   +2   -2   +0   +0   -1   +1   +1   +0   +1   +2
   +2   -3   +1   +2   -3   +3   +4   +1   -3   +2   +3   +0   +2   +0   +0
   -1   +0   -1  -19  +18   -4   -2   +2   -3   -2   -3   +4   -2   -1   -1
   +1   -1   +1   +0   +0   +1   +1   -3   +2   +2   -1   +3   +2   +3   -2
   +3   +2   +1   +0   +0   +0   -1   -2   -1   -2   +3   -3   -2   +1   -1
   -3   -2   +5   -3   -2   +2   -2   -2   -1   +0   +0   +1   +2   -4   +3
   +3   -3   +4   +4   +3   -3   +3   +2   -2   +1   +0   +0   -1   +0   +0
   +0   +0   -2   -1   +3   -2   -2   -4   +4   -3   -2   +0   -3   -2   +0
   +1   -1   +2   -2   +1   +2   +4   -2   +2   +3   +3   -4   +2   +2   -2
   +1   +3   +0   -1   +0   +0   -1   +3   -1   -2   +2   -2   -3   -3   +2
   -4   -2   +2   -3   -1   -1   +1   -1   +2   +0   +0   +2   +2   -2   +2
   +3   +1   -4   +3   +3   -3   +3   +2   +0   +1   +1   +0   +1   +0   -1
   -2   +1   -2   -5   -3   +4   -3   -3   +3   -3   -1   -1   +3   -1   +0
   +1   -1   +1   +0   -2   +0   +4   -3   +2   +3   +3   -3   +4   +2   +2
   -1   +2   +0   +0   +0   -2   -3   +2   -2   -2   +2   -3   -2   -3   +5
   -3   -1   +2   -2   -2   -1   +0   -1   +1   +0   -1   +0   +4   -3   +3
   +4   +3   -2   +2   +3   -2   +2   +2   +0   -3   +0   +0   -1   +2   -2
   -2   +1   -1   -2   -2   +4   -3   -3   +3   -4   -2   -2   +2   -1   +0
   +1   -2   +1   +3   -1   +3   +2   +4   -4   +3   +3   -4   +2   +2   +1
   -1   +1   -1   +1   +0   +0   -1   +2   -2   -3   -3   +5   -5   -4   +3
   -3   -3   -1   +2   -1   +0   +0   +0   +1   +3   -1   +1   +3   +3   -5
   +2   +3   -3   +4   +2   +1   -2   +2   +1   +0   +1   -1   -1   +1   -1
   -3   -5   +4   -3   -3   +2   -2   -2   -3   +3   -1   +0   +1   -1   +1
   +2   -2   +0   +3   +2   -5   +4   +2   -2   +3   +3   +3   -1   +1   +1
   +0   +0   +1   -3   +0   -3   -2   -2   +3   -3   -3   +3   -3   +0   -1
   +2   -2   -1   +0   -1   -1   +1   -1   +1   +1   -2   +2   +3   +3   -2
   +4   +3   +2   -2   +1   +1   -1   -1   +0   -1   +2   -1   -3   +2   -1
   -3   -2   +5   -3   -3   +3   -3   -2   -3   +1   -1   -1   +1   -1   +1
   +1   -1   +3   +4   +3   -3   +2   +3   -3   +2   +2   +0   -2   +3   +0
   -2   +2   -1   -2   +4   -2   -2   -3   +3   -2   -3   +1   -3   -3   -2
   +3   -2   -1   +1   -1   +2   +2   -1   +2   +3   +2   -3   +1   +3   +1
   -3   +4   +2   -3   +1   +2   -1   +3   +0   -1   +1   -2   -2   -3   +3
   -4   -3   +3   -4   -2   -2   +3   -3   +0   +1   +1   +0   +1   -1   +1
   +2   +1   -4   +2   +4   -3   +3   +3   +2   -3   +3   +3   +0   +0   +0
   -1   +1   -3   -2   -2   +3   -4   -3   +4   -4   -1   -3   +4   -2   -1
   +0   +0   +0   +0   -2   +0   +1   +3   -2   +1   +3   -2   +4   +4   +2
   -2   +1   +3   +0   +0   -1   -1   +0   -1   -1   -3   +4   -4   -2   +3
   -2   -2   -3   +4   -2   -2   +0   -3   -1   +0   +0

Loop #3 (Samples=428, Tune=23389):
  +16   +1   -2   -2   +3   -1   -1   +1   -1   -4   -3   +3   -4   -2   +1
   -1   -2   +0   +1   -1   +2   +3   -2   +2   +3   -2   +2   +3   +2   -5
   +3   +2   +1   -1   +1   +0   +0   +1   +1   -2   +3   -2   -3   +2   -3
   -4   -3   +3   -3   -3   +0   +1   -2   +0   +2   +0   +1   +2   -2   +2
   +1   -3   +1   +4   +2   -3   +4   +2   +2   -3   +3   +1   +1   +0   +0
   -2   +2   -3   -3   +2   -2   -3   -4   +3   -2   -3   -1   +3   +0   -2
   +2   -1   -1   +2   -2   +0   +1   -2   +3   +3   +2   -2   +3   +3   +3
   -2   +3   -1   +0   +2   -2   -2   +0   -1   -2   +3   -3   -2   -3   +3
   -2   -2   +4   -3   -1   -2   +0   -2   -1   +1   -1   +1   +2   -2   +1
   +4   +3   -2   +4   +3   -4   +2   +3   +1   -3   +2   +0   -1   +1   -1
   -2   +2   -1   -2   -1   +3   -4   -3   +4   -3   -3   -3   +2   -3   -1
   +2   -1   +1   +1   -1   +3   +3   +2   -2   +3   +2   -4   +2   +2   +2
   -1   +1   +1   -1   +0   +0   +0   +3   -2   -1   +1   -1   -3   -5   +3
   -3   -3   -2   +1   -1   -1   +2   -1   +1   +2   -2   +2   +2   -2   +2
   +1   +2   -4   +3   +3   +3   -2   +2   +1   +0   +2   -1   +0   +1   -1
   -1   -1   -2   -3   -3   +4   -3   -3   +2   -2   -1   -1   +3   -2   +0
   +1   -2   +1   +0   -1   +0   +3   +3   -4   +3   +4   -3   +3   +4   +1
   -1   +1   +1   +0   -1   -1   -2   +1   -2   -2   -3   +4   -3   -3   +5
   -3   -2   -2   +3   -3   -1   +0   -2   +1   +0   -1   +1   +3   +3   -3
   +3   +4   -2   +2   +3   +2   -2   +1   +0   -2   +1   +1   -3   +3   -1
   -2   +2   -1   -1   -4   +4   -3   -3   -3   +1   -2   -2   +1   -1   +0
   +1   -1   +1   +3   -1   +3   +3   +1   -3   +3   +2   +1   -2   +2   +2
   -3   +2   +0   +0   +2   +0   -1   +2   -3   -2   -2   +3   -5   -3   -2
   +1   -2   -1   +2   -2   +0   +1   +0   +0   +2   -1   +1   +3   +2   -5
   +2   +4   +2   -2   +2   +3   -3   +2   +2   +1   +0   +0   -1   -2   +1
   -3   -4   +4   -3   -4   -2   +3   -4   -1   +4   -1   -1   +0   +0   -1
   +1   -2   +1   +2   +2   -3   +3   +2   +4   -3   +4   +2   -2   +3   +1
   +0   +0   +0   -2   -1   -1   -2   -2   +4   -3   -3   -3   +4   -2   -2
   +4   -4   +0   -1   -1   -2   +0   +0

Loop #3 (Samples=17, Tune=23389):
  +16   +1   -2   -3   +3   -1     +4   -4   -2   -2   +0   -3   +0   +2
   -2   +1   +1   -2   +2   +3   -1   +3   +2   +3   -3   +2   +1   -3   +3
   +2   +1   -2   +2   -1   +0   +2   +0   -3   +3   -2   -3   -3   +3   -4
   -4   +3   -3   -2   -1   +2   -1   +0   +1   +0   +1   +2   -1   +2   +1
   +3   -5   +3   +3   -3   +4   +1   +2   -2   +3   +1   +0   +0   -1   -1
   +1   -2   -4   +3   -2   -3   -4   +3   -3   -2   -1   +4   -1   -1   +0
   +0   +0   +2   -3   +1   +2   -4   +3   +2   +4   -3   +3   +4   +2   -2
   +2   +1   +0   +1   -2   -2   +0   -1   -2   +3   -2   -3   -3   +3   -2
   -2   +4   -3   -1   -2   +1   -3   -1   +1   -1   +1   +2   -2   +1   +4
   +4   -2   +3   +3   -3   +2   +3   -1   -2   +2   +0   -1   +1   -2   -2
   +3   +0   -2   -3   +3   -3   -4   +5   -3   -4   -2   +1   -1   -1   +1
   -1   +1   +2   -1   +2   +4   +2   -3   +3   +2   -3   +1   +3   +0   +0
   +1   +1   -1   +1   +0   -1   +3   -1   -3   -3   +3   -3   -5   +3   -3
   -3   -1   +2   -2   +0   +1   -2   +2   +2   -1   +1   +2   +3   -4   +2
   +2   -3   +3   +4   +1   -2   +1   +2   +1   +1   +0   -1   +1   -2   -2
   +1   -3   -2   -4   +4   -3   -3   -2   +3   -1   -1   +2   -1   +0   +1
   -1   -1   +1   -2   +2   +2   +4   -3   +2   +4   +3   -3   +4   +0   +0
   +1   +1   -2   +0   -2   -2   +3   -2   -3   -3   +3   -2   -2   +3   -2
   -2   -2   +2   -2   -1   -1   +0   +0   +1   -2   +2   +3   +2   -1   +3
   +4   +3   -3   +2   +1   -1   +0   +0   +0   -1   +0   -2   +2   -1   -2
   -2   +4   -3   -3   +4   -3   -2   -3   +1   -3   -1   +2   -2   +1   +1
   -2   +2   +3   +3   -1   +3   +2   -4   +2   +3   +1   -3   +3   +1   -2
   +2   -1   -1   +3   +0   -2   -2   +2   -3   -3   +4   -5   -3   -2   +2
   -3   -1   +2   -1   +0   +2   +0   +0   +2   +2   -2   +2   +2   -4   +3
   +3   +2   -2   +2   +2   -3   +4   +1   -1   +2   -1   -2   +2   -4   -3
   -3   +4   -4   -3   -2   +2   -2   -1   +2   +0   +0   +0   +0   +0   +1
   -2   +1   +1   +4   -4   +3   +3   -3   +3   +3   +3   -1   +1   +1   -1
   +1   -1   -2   +1   -2   -2   -3   +3   -2   -4   +4   -2   -1   -3   +2
   -2   +0   +0   -2   -1   +2   -2   +1   +2   +3   -3   +3   +5   -3   +3
   +3   +2   -2   +1   +2   -3   +1   -1   -1   +1   +0   -2   +2   -2   -1
   -2   +4   -4   -3   -2   +3   -4   -2   +1   -2   +0   +2   -2   +0   +3
   +3   +0   +2   +2   -3   +3   +3   +1   -3   +2   +1   -2   +2   +0   +0
   +1   +0   +0   -2   +3   -3   -3   +4   -4   -3   -4   +2   -2   -2   +2
   -1   -2   +1   +0   +1   +2   +2   -1   +2   +3   -5   +1   +4   +2   -2
   +2   +2   -3   +2   +2   +1   +1   +0   -1   +1   -2   -1   -5   +3   -2
   -3   -4   +3   -2   -3   +3   -1   +0   +0   +0   -1   +2   -1   +0   +1
   +3   -4   +2   +3   +3   -3   +4   +2   -2   +3   +1   +1   +0   +0   +0
   -1   -2   -1   -4   +4   -2   -3   -3   +3   -3   -2   +5   -4   -1   +0
   +1   -2   -1   +0   +0   +1   +3   -3   +2  8
   +9  +10  +11   +8  +12  +21   -3  +11   +9  +12   +9  +10  +16   +7   -6
  +30  +13  +10  +15  +14  +10  +13   +9  +19  -19  +37  +10   +9  +10   +9
   +7   +7   +7  +11   +1   +7   +3   +5   +6   +4   +5   +3   +5   +1   +7
   +4   +3   +3   +5   +3   +3   +3   +1   +7   +4   +5   +3   +3   +4   +4
   +2   +4   +3   +3   +2   +3   +1   +0   +1   +2   +1   +9  -10   +1   -4
   -1   +0   -3   -1   -2  +23  -29   -4   -2   -4   -4   -3   -5   -4   -4
  -10   +4   -4   -2   -2   -3   -4   -1   -3   -6   +1   -3   -3   -4   -3
   -5   -5   -6   -4   -4   -7   -5   -4   -5   -5   -4   -5   -4   -3   -7
   -4   -5   -6   -6   -7   -7   -8   -9   -9   -9   -9   -9  -10   -9  -10
  -10  -10  -11  -10  -10  -12  -11  -10  -11  -10  -10  -11  -10  -11   -8
  -10   -9  -10  -10  -11   -8  -10  -10   -8   -8   -6   -7   -8   -5   -6
   -6   -7   -6   -5   -7   -6   -7   -7   -6   -6   -8   -6   -5   -6   -6
   -4   -6   -3   -4   -3   -3   -2   -4   -1   -4   -3   -2   -1   -3   -2
   +0   -2   +0   -1   -1   +0   -1   +0   -1   +1   -2   -1   -1   -1   -1
   +0   +0   +0   -1   -1   +1   -1   +2   -1   +0   +0   +0   +0   -1   -1
   +1   -1   +1   -1   -1   +1

Loop #3 (Samples=1434, Tune=23389):
  +17   +0   -2   +0   +3   -2   -3   +3   -3   -4   -4   +2   -2   -2   +2
   -1   -2   +0   +1   +0   +3   +2   -2   +2   +3   -3   +1   +2   +3   -4
   +3   +3   -2   +2   +1   +1   +0   +1   -1   +1   +0   -2   -3   +1   -3
   -3   -3   +3   -2   -2   +2   -2   -1   +0   +1   +0   +0   +2   -2   +0
   +2   -3   +2   +4   +2   -4   +4   +2   -1   +3   +3   +0   -1   +1   +0
   +0   -1   -3   -2   +2   -2   -3   -3   +4   -3   -1   +3   -3   -2   +0
   +1   -1   -2   +0   -1   +2   +1   -1   +2   +2   +4   -4   +5   +2   -1
   +2   +2   +1   -2   +0   -1   +1   +0   -1   -2   +2   -2   -3   -1   +5
   -4   -3   +3   -3   -2   -3   +2   -2   +0   -1   +0   +1   +1   -1   +3
   +3   +4   -4   +3   +2   -2   +3   +1   +1   -3   +2   +1   -1   +1   +0
   -2   +2   +0   -2   +3   -3   -2   -4   +2   -4   -2   -2   +2   -1   -1
   +0   -1   +2   +2   -1   +1   +3   +4   -5   +3   +1   -3   +2   +4   -4
   +3   +2   +0   +1   +0   +2   -2   +2   -2   -1   +3   -5   -2   -4   +3
   -3   -3   +3   -2   -3   +0   +2   -1   +1   +0   +0   +1   +1   -3   +0
   +4   -4   +4   +2   +3   -3   +3   +3   +3   -1   +1   +0   -1   +1   -2
   -2   +1   -2   -3   +3   -2   -3   -2   +3   -1   -3   -2   +3   -1   -2
   +1   -2   +0   +1   -2   +2   +3   -3   +2   +4   +3   -2   +3   +3   -3
   +2   +2   +0   -2   +1   +0   -2   +1   -1   -2   +3   -2   -1   -2   +2
   -3   -2   -2   +1   -2   -3   +2   -2   +0   +1   -1   +1   +3   -2   +3
   +3   +3   -3   +3   +3   +1   -4   +2   +2   -1   +0   +1   -1   +1   +0
   -1   +3   -2   -3   -2   +3   -5   -3   +3   -4   -2   -1   +1   -2   +0
   +2   +0   +2   +1   -2   +1   +3   +2   -3   +2   +3   -5   +4   +3   +1
   -2   +3   +1   +1   +0   +0   -2   +3   -2   -3   -4   +3   -4   -3   +3
   -2   -3   -2   +2   -1   +1   +1   -1   +0   +2   -2   +0   +1   +2   -2
   +2   +3   -3   +3   +3   +2   +0   +2   +2   -3   +3   -1   -2   +1   -2
   -1   -3   +1   -2   -3   +4   -3   -2   -1   +2   -2   -2   +3   -2   -1
   -1   -1   +1   +2   +2   -2   +3   +3   -4   +5   +3   +2   -2   +2   +2
   -3   +0   +1   -1   +1   -1   -1   -3   +2   -2   -2   +5   -4   -2   -2
   +2   -3   -2   +0   -1   +0   +0   -1   +0   +2   +3   -2   +4   +3   -3
   +3   +3   +2   -2   +0   +2   -3   +2   +0   +0   +1   +0   -1   -2   +3
   -2   -4   +4   -3   -2   -4   +1   -2   -2   +2   -2   -1   +0   +1   +0
   +3   -1   +1   +2   +3   -3   +2   +2   +2   -3   +3   +2   -3   +2   +2
   -1   +2   +0   +0   +1   -1   -2   -2   +1   -4   -3   +3   -3   -2   -3
   +3   -2   -1   +1   +1   +0   +1   -2   +1   +2   +1   -3   +2   +4   -4
   +2   +4   +2   -2   +3   +3   -2   +2   +0   -1   +1   -2   -2   -3   +3
   -3   -3   +4   -4   -2   -2   +3   -1   -2   +2   -2   -1   +1   -2   -1
   +2   +3   -2   +1   +3   -3   +3   +5   +2   -1   +2   +1   -1   +1   -1
   +0   +0   +0   -1   +0   -1   -2   -3   +5   -2   -2   -4   +3   -2   -2
   +1   -2   -1   -1   -1   +0   +2   -1   +1   +2   +4   -3   +3   +3   +3
   -3   +2   +2   -4   +2   +1   +1   +0   +1   -2   +0   +1   -1   -3   +4
   -3   -2   +2   -3   -4   -3   +3   -4   +0   +0   -1   +0   +1   +0   +2
   +2   +3   -3   +2   +3   -4   +2   +2   +3   -3   +2   +2   +1   -1   +2
   +1   +0   +0   -2   -1   +2   -3   -3   +1   -3   -3   -2   +2   -2   -1
   +1   -1   -1   +1   +1   +0   +2   -2   +0   +0   +4   -4   +3   +2   +4
   -3   +2   +3   -1   +4   +0   +0   +0   +0   -1   -1   -1   -3   -2   +3
   -2   -4   +3   -2   -2   -1   +2   -2   -2   +0   +1   -2   +0   -1   +1
   +1   +3   -3   +3   +3   -2   +3   +4   +2   -3   +4   +1   -2   -1   +1
   -1   +0   +1   -3   -1   +2   -2   -3   +5   -3   -2   -3   +3   -3   -2
   +1   -3   -1   +1   -1   +0   +2   +2   -2   +3   +4   -3   +3   +2   +4
   -4   +1   +2   -2   +1   +2   +0   +0   +0   -1   -1   +3   -2   -2   +2
   -2   -3   -3   +1   -3   -2   +2   -2   -2   +0   +1   +0   +2   +0   +1
   +1